Average: 0.489248263335134
Variance: 0.08253071984521795
Standard Deviation: 0.28728160373615635